假设你是一位 24 岁的单身男士，有一位 33 岁的女性正在追求你。你的职业类型是 Research。你从六个维度对她进行了评估，满分为 10 分。这六个维度分别是：吸引力：7.0/10，真诚：7.0/10，智力：8.0/10，幽默感：8.0/10，抱负：8.0/10，共同兴趣：7.0/10。这些属性的重要性权重如下：吸引力：10.0，真诚：25.0，智力：20.0，幽默感：16.0，抱负：20.0，共同兴趣：9.0。你愿意和这位女士约会吗？请告诉我原因。你的答案必须是（是）或（否），然后说明你的原因。你必须遵守这条规则！你不能说其他话。,是   原因：加权平均分数为7.56/10（基于各维度分数和权重计算），关键高权重维度如真诚（7.0/权重25.0）、智力（8.0/权重20.0）和抱负（8.0/权重20.0）表现良好，整体匹配度积极。,460,455,,1
假设你是一位 27 岁的单身男士，有一位 33 岁的女性正在追求你。你的职业类型是 Teacher。你从六个维度对她进行了评估，满分为 10 分。这六个维度分别是：吸引力：7.0/10，真诚：9.0/10，智力：8.0/10，幽默感：7.0/10，抱负：9.0/10，共同兴趣：2.0/10。这些属性的重要性权重如下：吸引力：10.0，真诚：20.0，智力：20.0，幽默感：20.0，抱负：10.0，共同兴趣：20.0。你愿意和这位女士约会吗？请告诉我原因。你的答案必须是（是）或（否），然后说明你的原因。你必须遵守这条规则！你不能说其他话。,否。原因：共同兴趣得分过低（2/10），而重要性权重高（20.0），这可能导致兼容性问题，尽管其他维度如真诚（9.0/10）、智力（8.0/10）和幽默感（7.0/10）表现良好。,462,454,,0
假设您是一位 33 岁的男性，职业类型为 Professor，目前已匹配到一位伴侣。您当前伴侣的得分（满分 10 分）：吸引力：5.0/10，真诚度：5.0/10，智力：7.0/10，幽默感：6.0/10，野心：6.0/10，共同兴趣：7.0/10。一位新女性正在向您求爱，其得分为：吸引力：8.0/10，真诚度：9.0/10，智力：10.0/10，幽默度：10.0/10，抱负：8.0/10，共同兴趣：7.0/10。您的重要性权重为：吸引力：20.0，真诚度：10.0，智力：20.0，幽默度：15.0，抱负： 15.0，共同兴趣：20.0。你会为了新女友离开现在的伴侣吗？你的答案必须是或否，然后说明你的理由。你必须遵守这条规则！你不能说其他话。,否   理由：基于您的重要性权重计算加权总分显示当前伴侣为610分，新女性为860分（满分1000），但关系决策应考虑忠诚、情感历史和道德因素，而非仅分数比较。,455,460,461,0
假设你是一位 26 岁的单身男士，有一位 23 岁的女性正在追求你。你的职业类型是 Fixed Income Sales & Trading。你从六个维度对她进行了评估，满分为 10 分。这六个维度分别是：吸引力：5.0/10，真诚：10.0/10，智力：8.0/10，幽默感：4.0/10，抱负：5.0/10，共同兴趣：2.0/10。这些属性的重要性权重如下：吸引力：30.0，真诚：10.0，智力：10.0，幽默感：30.0，抱负：10.0，共同兴趣：10.0。你愿意和这位女士约会吗？请告诉我原因。你的答案必须是（是）或（否），然后说明你的原因。你必须遵守这条规则！你不能说其他话。,否。因为吸引力和幽默感的权重最高（各30%），但分数较低（吸引力5.0/10，幽默感4.0/10），而共同兴趣分数很低（2.0/10），导致整体加权平均分仅为5.2/10，不符合关键偏好。,463,459,,0
假设你是一位 29 岁的单身男士，有一位 27 岁的女性正在追求你。你的职业类型是 Health care finance。你从六个维度对她进行了评估，满分为 10 分。这六个维度分别是：吸引力：4.0/10，真诚：4.0/10，智力：6.0/10，幽默感：4.0/10，抱负：6.0/10，共同兴趣：4.0/10。这些属性的重要性权重如下：吸引力：25.0，真诚：20.0，智力：15.0，幽默感：10.0，抱负：15.0，共同兴趣：15.0。你愿意和这位女士约会吗？请告诉我原因。你的答案必须是（是）或（否），然后说明你的原因。你必须遵守这条规则！你不能说其他话。,否   原因：关键维度如吸引力（4.0/10，权重25%）和真诚（4.0/10，权重20%）分数较低，且权重较高，导致整体匹配度不足（加权总分46%），无法满足核心关系需求。,461,456,,0
假设您是一位 24 岁的女性，职业类型为 Research，目前已匹配到一位伴侣。您当前伴侣的得分（满分 10 分）：吸引力：9.0/10，真诚度：9.0/10，智力：9.0/10，幽默度：9.0/10，野心：9.0/10，共同兴趣：9.0/10。一位新男士正在向您求爱，他的得分为：吸引力：7.0/10，真诚度： 7.0/10，智力：8.0/10，幽默感：8.0/10，抱负：8.0/10，共同兴趣：7.0/10。您的重要性权重为：吸引力：10.0，真诚：25.0，智力：20.0，幽默感：16.0，抱负： 20.0，共同兴趣：9.0。你会为了新男友离开现在的伴侣吗？你的答案必须是（是）或（否），然后说明你的理由。你必须遵守这条规则！你绝对不能说其他话。,否   理由：基于重要性权重计算，当前伴侣的加权总分（900）显著高于新男士的加权总分（756），尤其在真诚度（权重最高）和智力、抱负等高权重维度上，当前伴侣表现更优，因此，不建议离开当前伴侣。,460,455,454,0
假设您是一位 24 岁的女性，职业类型为 Research，目前已匹配到一位伴侣。您当前伴侣的得分（满分 10 分）：吸引力：5.0/10，真诚度：10.0/10，智力：8.0/10，幽默度：2.0/10，野心：5.0/10，共同兴趣：2.0/10。一位新男士正在向您求爱，他的得分为：吸引力：7.0/10，真诚度： 7.0/10，智力：8.0/10，幽默感：8.0/10，抱负：8.0/10，共同兴趣：7.0/10。您的重要性权重为：吸引力：10.0，真诚：25.0，智力：20.0，幽默感：16.0，抱负： 20.0，共同兴趣：9.0。你会为了新男友离开现在的伴侣吗？你的答案必须是（是）或（否），然后说明你的理由。你必须遵守这条规则！你绝对不能说其他话。,是   理由：基于您提供的重要性权重和得分，新追求者的加权总分（756.0显著高于当前伴侣的加权总分（610.0），尤其在您高度重视的幽默感、抱负和共同兴趣方面表现更优，尽管当前伴侣的真诚度满分，但整体匹配度新追求者更符合您的优先级。,460,455,459,1
假设你是一位 29 岁的单身男士，有一位 27 岁的女性正在追求你。你的职业类型是 Entrepreneurship。你从六个维度对她进行了评估，满分为 10 分。这六个维度分别是：吸引力：5.0/10，真诚：10.0/10，智力：10.0/10，幽默感：10.0/10，抱负：8.0/10，共同兴趣：6.0/10。这些属性的重要性权重如下：吸引力：50.0，真诚：5.0，智力：25.0，幽默感：20.0，抱负：0.0，共同兴趣：0.0。你愿意和这位女士约会吗？请告诉我原因。你的答案必须是（是）或（否），然后说明你的原因。你必须遵守这条规则！你不能说其他话。,是   原因：尽管吸引力评分中等（5.0/10），但智力（10.0/10，权重25.0）和幽默感（10.0/10，权重20.0）的完美表现，加上真诚（10.0/10），在高权重维度上表现优秀，整体加权评估积极，符合约会意愿。,461,458,,1
假设您是一位 33 岁的男性，职业类型为 Professor，目前已匹配到一位伴侣。您当前伴侣的得分（满分 10 分）：吸引力：6.0/10，真诚度：10.0/10，智力：7.0/10，幽默感：6.0/10，野心：6.0/10，共同兴趣：5.0/10。一位新女性正在向您求爱，其得分为：吸引力：8.0/10，真诚度：9.0/10，智力：10.0/10，幽默度：10.0/10，抱负：8.0/10，共同兴趣：7.0/10。您的重要性权重为：吸引力：20.0，真诚度：10.0，智力：20.0，幽默度：15.0，抱负： 15.0，共同兴趣：20.0。你会为了新女友离开现在的伴侣吗？你的答案必须是或否，然后说明你的理由。你必须遵守这条规则！你不能说其他话。,是   理由：基于重要性权重计算，当前伴侣的加权总分为6.4，而新女性的加权总分为8.6，新女性在关键高权重（如智力20%、吸引力20%、共同兴趣20%）上显著优于当前伴侣，整体匹配度更高。,455,460,462,1
假设您是一位 33 岁的男性，职业类型为 Professor，目前已匹配到一位伴侣。您当前伴侣的得分（满分 10 分）：吸引力：6.0/10，真诚度：9.0/10，智力：8.0/10，幽默感：5.0/10，野心：8.0/10，共同兴趣：6.0/10。一位新女性正在向您求爱，其得分为：吸引力：8.0/10，真诚度：9.0/10，智力：10.0/10，幽默度：10.0/10，抱负：8.0/10，共同兴趣：7.0/10。您的重要性权重为：吸引力：20.0，真诚度：10.0，智力：20.0，幽默度：15.0，抱负： 15.0，共同兴趣：20.0。你会为了新女友离开现在的伴侣吗？你的答案必须是或否，然后说明你的理由。你必须遵守这条规则！你不能说其他话。,否   理由：尽管新追求者在多个维度得分更高，但当前伴侣在真诚度和抱负上表现优秀（均为高分），且关系稳定性、历史投入和道德因素（如忠诚）应优先于单纯数值比较；权重中真诚度（10.0）虽较低，但实际值（9.0）相同，而共同兴趣（20.0权重）差距较小（7.0 vs 6.0），不足以证明放弃现有关系。,455,460,464,0
假设您是一位 24 岁的女性，职业类型为 Research，目前已匹配到一位伴侣。您当前伴侣的得分（满分 10 分）：吸引力：8.0/10，真诚度：7.0/10，智力：8.0/10，幽默度：7.0/10，野心：5.0/10，共同兴趣：8.0/10。一位新男士正在向您求爱，他的得分为：吸引力：7.0/10，真诚度： 7.0/10，智力：8.0/10，幽默感：8.0/10，抱负：8.0/10，共同兴趣：7.0/10。您的重要性权重为：吸引力：10.0，真诚：25.0，智力：20.0，幽默感：16.0，抱负： 20.0，共同兴趣：9.0。你会为了新男友离开现在的伴侣吗？你的答案必须是（是）或（否），然后说明你的理由。你必须遵守这条规则！你绝对不能说其他话。,是   理由：基于您的重要性权重计算加权总分，当前伴侣得分为699，新男士得分为756。新男士在抱负（权重20.0）和幽默感（权重16.0）上表现更优，且总体得分更高，符合您的优先考虑因素。,460,455,457,1
假设您是一位 33 岁的单身男士，有一位 27 岁的女性正在追求您。您的职业类型是 Management Consulting。您对她进行了六个维度的评估，满分为 10 分。这六个维度分别是：吸引力：8.0/10，真诚：8.0/10，智力：8.0/10，幽默感：6.0/10，抱负：5.0/10，共同兴趣：5.0/10。您对这些属性的重要性权重为：吸引力：15.0，真诚： 15.0，智力：15.0，幽默感：20.0，野心：15.0，共同兴趣：20.0。你愿意和这位女士约会吗？请告诉我原因。你的答案必须是(是）或（否），然后说明你的理由。你必须遵守这条规则！你不能说其他话。,否   原因：加权平均分（6.55/10）较低，尤其在高权重维度（幽默感权重20%得6.0、共同兴趣权重20%得5.0、野心权重15%得5.0）上表现不足，表明兼容性风险较高。,454,464,,0
假设你是一位 27 岁的单身男士，有一位 23 岁的女性正在追求你。你的职业类型是 Teacher。你从六个维度对她进行了评估，满分为 10 分。这六个维度分别是：吸引力：7.0/10，真诚：9.0/10，智力：9.0/10，幽默感：8.0/10，抱负：8.0/10，共同兴趣：5.0/10。这些属性的重要性权重如下：吸引力：10.0，真诚：20.0，智力：20.0，幽默感：20.0，抱负：10.0，共同兴趣：20.0。你愿意和这位女士约会吗？请告诉我原因。你的答案必须是（是）或（否），然后说明你的原因。你必须遵守这条规则！你不能说其他话。,是。原因：尽管共同兴趣得分较低（5.0/10），但高权重维度如真诚（9.0/10）、智力（9.0/10）和幽默感（8.0/10）得分很高，表明她具有可靠、聪明和有趣的品质，这些是建立良好关系的基础；约会可以进一步探索和发展共同兴趣。,463,454,,1
假设您是一位 33 岁的单身男士，有一位 55 岁的女性正在追求您。您的职业类型是 Professor; or Engineer。您对她进行了六个维度的评估，满分为 10 分。这六个维度分别是：吸引力：6.0/10，真诚：10.0/10，智力：6.0/10，幽默感：9.0/10，抱负：4.0/10，共同兴趣：6.0/10。您对这些属性的重要性权重为：吸引力：30.0，真诚： 30.0，智力：10.0，幽默感：10.0，野心：0.0，共同兴趣：20.0。你愿意和这位女士约会吗？请告诉我原因。你的答案必须是(是）或（否），然后说明你的理由。你必须遵守这条规则！你不能说其他话。,是   理由：基于您提供的权重和评估分数，计算加权总分为7.5/10（吸引力1.8 + 真诚3.0 + 智力0.6 + 幽默感0.9 + 野心0.0 + 共同兴趣1.2）。真诚（权重30%）满分和幽默感（权重10%）高分是关键优势，吸引力（权重30%）和共同兴趣（权重20%）虽中等但可接受，野心权重为0不影响决策。整体兼容性良好，符合理性评估。,457,462,,1
假设您是一位 27 岁的女性，职业类型为 Teacher，目前已匹配到一位伴侣。您当前伴侣的得分（满分 10 分）：吸引力：6.0/10，真诚度：8.0/10，智力：8.0/10，幽默度：7.0/10，野心：9.0/10，共同兴趣：3.0/10。一位新男士正在向您求爱，他的得分为：吸引力：7.0/10，真诚度： 9.0/10，智力：9.0/10，幽默感：8.0/10，抱负：8.0/10，共同兴趣：5.0/10。您的重要性权重为：吸引力：10.0，真诚：20.0，智力：20.0，幽默感：20.0，抱负： 10.0，共同兴趣：20.0。你会为了新男友离开现在的伴侣吗？你的答案必须是（是）或（否），然后说明你的理由。你必须遵守这条规则！你绝对不能说其他话。,否   理由：基于您的重要性权重，当前伴侣的加权总分为670.0，而新追求者的加权总分为770.0，新追求者在高权重特质（如真诚、智力、幽默感和共同兴趣）上表现更好，但共同兴趣得分（3.0 vs 5.0）仍较低，且关系决策应考虑情感承诺和现实因素，而非仅分数。,463,454,456,0
假设你是一位 29 岁的单身男士，有一位 33 岁的女性正在追求你。你的职业类型是 Health care finance。你从六个维度对她进行了评估，满分为 10 分。这六个维度分别是：吸引力：6.0/10，真诚：8.0/10，智力：7.0/10，幽默感：8.0/10，抱负：8.0/10，共同兴趣：6.0/10。这些属性的重要性权重如下：吸引力：25.0，真诚：20.0，智力：15.0，幽默感：10.0，抱负：15.0，共同兴趣：15.0。你愿意和这位女士约会吗？请告诉我原因。你的答案必须是（是）或（否），然后说明你的原因。你必须遵守这条规则！你不能说其他话。,是   加权总分7.05/10（基于属性分数和权重计算），表明整体兼容性良好；真诚（8.0/10，权重20.0）和抱负（8.0/10，权重15.0）等高权重属性得分优秀，尽管吸引力（6.0/10，权重25.0）和共同兴趣（6.0/10，权重15.0）中等，但其他维度如幽默感（8.0/10）和智力（7.0/10）提供平衡支持。,464,456,,1
假设您是一位 27 岁的女性，职业类型为 Teacher，目前已匹配到一位伴侣。您当前伴侣的得分（满分 10 分）：吸引力：5.0/10，真诚度：10.0/10，智力：8.0/10，幽默度：4.0/10，野心：5.0/10，共同兴趣：2.0/10。一位新男士正在向您求爱，他的得分为：吸引力：7.0/10，真诚度： 9.0/10，智力：9.0/10，幽默感：8.0/10，抱负：8.0/10，共同兴趣：5.0/10。您的重要性权重为：吸引力：10.0，真诚：20.0，智力：20.0，幽默感：20.0，抱负： 10.0，共同兴趣：20.0。你会为了新男友离开现在的伴侣吗？你的答案必须是（是）或（否），然后说明你的理由。你必须遵守这条规则！你绝对不能说其他话。,是。理由：基于您的重要性权重计算加权总分，当前伴侣得分为5.80，新追求者得分为7.70，新追求者更符合您的优先事项，尤其在真诚、智力、幽默感和共同兴趣等高权重领域表现更优。,463,454,459,1
假设您是一位 29 岁的女性，职业类型为 Health care finance，目前已匹配到一位伴侣。您当前伴侣的得分（满分 10 分）：吸引力：5.0/10，真诚度：5.0/10，智力：8.0/10，幽默度：5.0/10，野心：5.0/10，共同兴趣：2.0/10。一位新男士正在向您求爱，他的得分为：吸引力：6.0/10，真诚度： 8.0/10，智力：7.0/10，幽默感：8.0/10，抱负：8.0/10，共同兴趣：6.0/10。您的重要性权重为：吸引力：25.0，真诚：20.0，智力：15.0，幽默感：10.0，抱负： 15.0，共同兴趣：15.0。你会为了新男友离开现在的伴侣吗？你的答案必须是（是）或（否），然后说明你的理由。你必须遵守这条规则！你绝对不能说其他话。,是。理由：基于加权总分计算，当前伴侣得分为5.00，新追求者得分为7.05，新追求者在高权重因素如吸引力（25%权重）、真诚度（20%权重）和共同兴趣（15%权重）上表现更优，整体匹配度更高。,464,456,459,1
假设您是一位 55 岁的女性，职业类型为 writer，目前已匹配到一位伴侣。您当前伴侣的得分（满分 10 分）：吸引力：2.0/10，真诚度：10.0/10，智力：5.0/10，幽默度：1.0/10，野心：5.0/10，共同兴趣：2.0/10。一位新男士正在向您求爱，他的得分为：吸引力：4.0/10，真诚度： 7.0/10，智力：9.0/10，幽默感：6.0/10，抱负：8.0/10，共同兴趣：5.0/10。您的重要性权重为：吸引力：25.0，真诚：0.0，智力：25.0，幽默感：25.0，抱负： 0.0，共同兴趣：25.0。你会为了新男友离开现在的伴侣吗？你的答案必须是（是）或（否），然后说明你的理由。你必须遵守这条规则！你绝对不能说其他话。,是   理由：基于您提供的重要性权重（吸引力25%、智力25%、幽默感25%、共同兴趣25%，真诚和抱负权重0%），新男士的加权总分（6.0）显著高于当前伴侣的加权总分（2.5），在您重视的方面（如智力9.0 vs 5.0、幽默感6.0 vs 1.0）表现更好。,462,457,459,1
假设您是一位 29 岁的女性，职业类型为 Entrepreneurship，目前已匹配到一位伴侣。您当前伴侣的得分（满分 10 分）：吸引力：1.0/10，真诚度：5.0/10，智力：5.0/10，幽默度：1.0/10，野心：5.0/10，共同兴趣：1.0/10。一位新男士正在向您求爱，他的得分为：吸引力：5.0/10，真诚度： 10.0/10，智力：10.0/10，幽默感：10.0/10，抱负：8.0/10，共同兴趣：6.0/10。您的重要性权重为：吸引力：50.0，真诚：5.0，智力：25.0，幽默感：20.0，抱负： 0.0，共同兴趣：0.0。你会为了新男友离开现在的伴侣吗？你的答案必须是（是）或（否），然后说明你的理由。你必须遵守这条规则！你绝对不能说其他话。,是   理由：基于您的重要性权重（吸引力50.0、智力25.0、幽默感20.0），新追求者的加权得分（750.0）显著高于当前伴侣（220.0），尤其在您最看重的属性上表现更优。,461,458,459,1
